Точность: 0.0001
Ответ: 3.001729
Абсолютная погрешность: 0.000099
Относительная погрешность: 0.000033
-----------------------
|    0.000 |   11.000 |
|    0.421 |   10.801 |
|    0.842 |   10.204 |
|    1.263 |    9.212 |
|    1.684 |    7.829 |
|    2.105 |    6.063 |
|    2.526 |    3.921 |
|    2.947 |    1.410 |
|    3.368 |   -1.459 |
|    3.789 |   -4.678 |
|    4.211 |   -8.238 |
|    4.632 |  -12.129 |
|    5.053 |  -16.346 |
|    5.474 |  -20.880 |
|    5.895 |  -25.729 |
|    6.316 |  -30.889 |
|    6.737 |  -36.359 |
|    7.158 |  -42.141 |
|    7.579 |  -48.238 |
|    8.000 |  -54.654 |
-----------------------
