
    к01 к02 к03 к04 к05 к06 к07 к08
к01  0   0   3   3   0   0   3   1 
к02  3   0   3   0   0   3   3   1 
к03  0   0   0   1   3   3   3   3 
к04  0   3   1   0   3   3   1   0 
к05  3   3   0   0   0   3   0   3 
к06  3   0   0   0   0   0   0   1 
к07  0   0   0   1   3   3   0   1 
к08  1   1   0   3   0   1   1   0 

                Команды: 01  02  03  04  05  06  07  08 
      Количество баллов: 10  13  13  11  12  04  08  07 
Максимальное количество баллов: 13
Команды с максимальным количеством баллов: к2  к3 
